========================================
Генерация 1: Лучшая стоимость = 414, Путь = [0, 5, 6, 7, 2, 8, 1, 3, 9, 4]
Генерация 2: Лучшая стоимость = 16, Путь = [9, 2]

Результаты для файла var1.txt:
Количество городов: 10
Матрица стоимости путей:
 [[  0  48  86  67  36  15  90 103  56  80]
 [ 48   0  71  35  12  44 111 112  34  63]
 [ 86  71   0  38  75  71  70  54  37   8]
 [ 67  35  38   0  43  55  95  87  11  29]
 [ 36  12  75  43   0  34 107 111  38  67]
 [ 15  44  71  55  34   0  78  89  44  64]
 [ 90 111  70  95 107  78   0  29  85  74]
 [103 112  54  87 111  89  29   0  81  61]
 [ 56  34  37  11  38  44  85  81   0  29]
 [ 80  63   8  29  67  64  74  61  29   0]]
Лучший путь: [9, 2]
Лучшая стоимость: 16
========================================
Генерация 1: Лучшая стоимость = 287, Путь = [8, 3, 4, 0, 9, 7, 2, 6, 5, 1]
Генерация 2: Лучшая стоимость = 20, Путь = [7, 9]

Результаты для файла var2.txt:
Количество городов: 10
Матрица стоимости путей:
 [[ 0 73 69 85 36 90 94 37 79 42]
 [73  0 28 22 46 19 32 47  8 53]
 [69 28  0 51 56 44 26 33 26 34]
 [85 22 51  0 51 14 49 66 26 74]
 [36 46 56 51  0 60 75 39 53 49]
 [90 19 44 14 60  0 36 66 17 72]
 [94 32 26 49 75 36  0 59 25 61]
 [37 47 33 66 39 66 59  0 50 10]
 [79  8 26 26 53 17 25 50  0 56]
 [42 53 34 74 49 72 61 10 56  0]]
Лучший путь: [7, 9]
Лучшая стоимость: 20
========================================
Генерация 1: Лучшая стоимость = 450, Путь = [5, 4, 6, 9, 8, 3, 2, 1, 0, 7]
Генерация 2: Лучшая стоимость = 10, Путь = [6, 4]

Результаты для файла var3.txt:
Количество городов: 10
Матрица стоимости путей:
 [[  0  38  50  26  37  65  39  49  50  56]
 [ 38   0  17  12  61 104  60  74  71  93]
 [ 50  17   0  26  64 115  61  91  88 101]
 [ 26  12  26   0  52  92  52  65  62  82]
 [ 37  61  64  52   0  63   5  80  83  42]
 [ 65 104 115  92  63   0  69  63  70  24]
 [ 39  60  61  52   5  69   0  84  87  48]
 [ 49  74  91  65  80  63  84   0   7  73]
 [ 50  71  88  62  83  70  87   7   0  79]
 [ 56  93 101  82  42  24  48  73  79   0]]
Лучший путь: [6, 4]
Лучшая стоимость: 10
========================================
Генерация 1: Лучшая стоимость = 416, Путь = [4, 3, 7, 9, 0, 5, 8, 2, 1, 6]
Генерация 2: Лучшая стоимость = 14, Путь = [6, 3]

Результаты для файла var4.txt:
Количество городов: 10
Матрица стоимости путей:
 [[  0  80  44  79  65   7  76  57  19  76]
 [ 80   0  36  54  43  81  47  91  74  33]
 [ 44  36   0  59  42  47  53  72  37  35]
 [ 79  54  59   0  17  76   7  52  86  83]
 [ 65  43  42  17   0  62  11  51  70  67]
 [  7  81  47  76  62   0  73  50  26  80]
 [ 76  47  53   7  11  73   0  55  81  76]
 [ 57  91  72  52  51  50  55   0  74 107]
 [ 19  74  37  86  70  26  81  74   0  62]
 [ 76  33  35  83  67  80  76 107  62   0]]
Лучший путь: [6, 3]
Лучшая стоимость: 14
========================================
Генерация 1: Лучшая стоимость = 411, Путь = [0, 3, 9, 2, 6, 1, 4, 5, 7, 8]
Генерация 2: Лучшая стоимость = 10, Путь = [8, 3]

Результаты для файла var5.txt:
Количество городов: 10
Матрица стоимости путей:
 [[ 0 90 83 51 48 84 97 74 54 29]
 [90  0 28 49 66 79 15 39 44 63]
 [83 28  0 34 75 98 19 59 29 54]
 [51 49 34  0 57 89 50 57  5 22]
 [48 66 75 57  0 37 79 33 56 43]
 [84 79 98 89 37  0 95 39 87 79]
 [97 15 19 50 79 95  0 55 45 68]
 [74 39 59 57 33 39 55  0 54 56]
 [54 44 29  5 56 87 45 54  0 25]
 [29 63 54 22 43 79 68 56 25  0]]
Лучший путь: [8, 3]
Лучшая стоимость: 10
========================================
Генерация 1: Лучшая стоимость = 363, Путь = [9, 6, 1, 2, 7, 5, 3, 4, 0, 8]
Генерация 2: Лучшая стоимость = 36, Путь = [7, 1]
Генерация 3: Лучшая стоимость = 30, Путь = [5, 3]

Результаты для файла var6.txt:
Количество городов: 10
Матрица стоимости путей:
 [[ 0 75 69 78 50 68 71 92 34 76]
 [75  0 31 52 26 60  5 18 56 19]
 [69 31  0 79 37 83 32 39 38 14]
 [78 52 79  0 44 15 48 63 82 71]
 [50 26 37 44  0 46 21 44 40 35]
 [68 60 83 15 46  0 56 74 79 77]
 [71  5 32 48 21 56  0 22 53 22]
 [92 18 39 63 44 74 22  0 71 24]
 [34 56 38 82 40 79 53 71  0 49]
 [76 19 14 71 35 77 22 24 49  0]]
Лучший путь: [5, 3]
Лучшая стоимость: 30
========================================
Генерация 1: Лучшая стоимость = 293, Путь = [0, 8, 6, 5, 4, 2, 3, 7, 9, 1]
Генерация 2: Лучшая стоимость = 0, Путь = [6, 5]

Результаты для файла var7.txt:
Количество городов: 10
Матрица стоимости путей:
 [[ 0 33 84 68 38 39 40 73 23 77]
 [33  0 73 56 68 52 52 62 35 65]
 [84 73  0 16 92 55 55 11 62  7]
 [68 56 16  0 79 42 42  5 47  9]
 [38 68 92 79  0 37 37 82 38 87]
 [39 52 55 42 37  0  0 45 17 50]
 [40 52 55 42 37  0  0 45 18 50]
 [73 62 11  5 82 45 45  0 51  4]
 [23 35 62 47 38 17 18 51  0 55]
 [77 65  7  9 87 50 50  4 55  0]]
Лучший путь: [6, 5]
Лучшая стоимость: 0
========================================
Генерация 1: Лучшая стоимость = 343, Путь = [7, 3, 1, 2, 5, 0, 8, 9, 6, 4]
Генерация 2: Лучшая стоимость = 28, Путь = [4, 7]
Генерация 3: Лучшая стоимость = 18, Путь = [4, 3]

Результаты для файла var8.txt:
Количество городов: 10
Матрица стоимости путей:
 [[ 0 87 58 61 70 38 62 71 10 60]
 [87  0 65 38 32 49 25 20 85 63]
 [58 65  0 69 73 39 51 62 64 88]
 [61 38 69  0  9 33 22 19 55 25]
 [70 32 73  9  0 40 22 14 65 32]
 [38 49 39 33 40  0 24 35 38 48]
 [62 25 51 22 22 24  0 11 59 47]
 [71 20 62 19 14 35 11  0 67 44]
 [10 85 64 55 65 38 59 67  0 51]
 [60 63 88 25 32 48 47 44 51  0]]
Лучший путь: [4, 3]
Лучшая стоимость: 18
========================================
Генерация 1: Лучшая стоимость = 423, Путь = [2, 6, 3, 4, 7, 5, 1, 8, 9, 0]
Генерация 2: Лучшая стоимость = 14, Путь = [0, 9]

Результаты для файла var9.txt:
Количество городов: 10
Матрица стоимости путей:
 [[  0  97  20  69  57  73  63  55  92   7]
 [ 97   0 113  49  74  35  35  67  20 105]
 [ 20 113   0  77  59  92  77  76 105  16]
 [ 69  49  77   0  25  56  28  72  32  76]
 [ 57  74  59  25   0  73  46  80  58  62]
 [ 73  35  92  56  73   0  28  31  46  80]
 [ 63  35  77  28  46  28   0  47  31  70]
 [ 55  67  76  72  80  31  47   0  74  61]
 [ 92  20 105  32  58  46  31  74   0 100]
 [  7 105  16  76  62  80  70  61 100   0]]
Лучший путь: [0, 9]
Лучшая стоимость: 14
========================================
Генерация 1: Лучшая стоимость = 395, Путь = [7, 8, 6, 5, 0, 3, 4, 9, 2, 1]
Генерация 2: Лучшая стоимость = 42, Путь = [6, 1]
Генерация 3: Лучшая стоимость = 14, Путь = [8, 7]

Результаты для файла var10.txt:
Количество городов: 10
Матрица стоимости путей:
 [[  0  60  70  56  70 100  78  98 105  51]
 [ 60   0  20  45  62  46  21  44  51  61]
 [ 70  20   0  34  48  57  35  28  35  53]
 [ 56  45  34   0  18  90  66  56  60  19]
 [ 70  62  48  18   0 106  82  63  66  21]
 [100  46  57  90 106   0  24  60  65 107]
 [ 78  21  35  66  82  24   0  46  52  82]
 [ 98  44  28  56  63  60  46   0   7  75]
 [105  51  35  60  66  65  52   7   0  80]
 [ 51  61  53  19  21 107  82  75  80   0]]
Лучший путь: [8, 7]
Лучшая стоимость: 14
